Lat: 58.380930164923136
Lon: 26.71469489908313
Radius: 30