Lat: 58.380729
Lon: 26.714635
Radius: 30