Lat: 58.380856045503755
Lon: 26.715959021996326
Radius: 30