Lat: 58.37552538511389
Lon: 26.73013992309486
Radius: 40