Lat: 58.376320
Lon: 26.728640
Radius: 25