Lat: 58.369846
Lon: 26.711979
Radius: 40