Lat: 58.379048056599274
Lon: 26.719748335391483
Radius: 40