Lat: 58.376148
Lon: 26.717446
Radius: 25