Lat: 58.37550699457386
Lon: 26.708628306030366
Radius: 30