Lat: 58.37158866094387
Lon: 26.716051556723635
Radius: 30