Lat: 58.376605493385775
Lon: 26.722048602961475
Radius: 25