Lat: 58.373790
Lon: 26.719644
Radius: 40