Lat: 58.380271875299535
Lon: 26.714821534639743
Radius: 50