Lat: 58.376470
Lon: 26.713218
Radius: 25