Lat: 58.38171877581215
Lon: 26.720542673885173
Radius: 30