Lat: 58.38029785645126 
Lon: 26.720703357037966
Radius: 30