Lat: 58.370609
Lon: 26.714893
Radius: 25