Lat: 58.376515322074866
Lon: 26.728329182363037
Radius: 30