Lat: 58.3779106864374
Lon: 26.726102766515115
Radius: 25