Lat: 58.38435163851936
Lon: 26.725568230146422
Radius: 25