Lat: 58.37053280119555
Lon: 26.716004661558966
Radius: 30