Lat: 58.37972559257077
Lon: 26.728517079275726
Radius: 25