Lat: 58.37948464749397
Lon: 26.723297868203545
Radius: 25