Lat: 58.37666843152637
Lon: 26.716379092322295
Radius: 30