Lat: 58.38078924868807
Lon: 26.72591147856463
Radius: 30