Lat: 58.379606233106415
Lon: 26.71770054624907
Radius: 30