Lat: 58.378805789574045
Lon: 26.728213325917068
Radius: 30