Lat: 58.380701048618015
Lon: 26.726614876877665
Radius: 20