Lat: 58.38008564470492
Lon: 26.72232177647657
Radius: 30