Lat: 58.38406162421939 
Lon: 26.721182745379824
Radius: 50