Lat: 58.38106095384904
Lon: 26.726507555533956
Radius: 30