Lat: 58.378607
Lon: 26.715297
Radius: 25