Lat: 58.38193823012518
Lon: 26.72667950465788
Radius: 30