Lat: 58.36990572719961
Lon: 26.71248473091544
Radius: 50