Lat: 58.38572061953647
Lon: 26.724920101246
Radius: 30