Lat: 58.37822876405451
Lon: 26.7175843501864
Radius: 30