Lat: 58.378917685592015
Lon: 26.7232594018626
Radius: 25