Lat: 58.384384766253426
Lon: 26.723514143961868
Radius: 25