Lat: 58.382138030291706
Lon: 26.7213292297671
Radius: 30