Lat: 58.383879245746336
Lon: 26.721748321932548
Radius: 30