Lat: 58.38114089499359
Lon: 26.72029364799623
Radius: 40