Lat: 58.379315552375644
Lon: 26.730316202735054
Radius: 40