Lat: 58.378212538822204
Lon: 26.722976010770186
Radius: 20