Lat: 58.37913345100393
Lon: 26.72394079172503
Radius: 30