Lat: 58.38261151781606
Lon: 26.724528758160066
Radius: 30