Lat: 58.38058535021522
Lon: 26.724478704379546
Radius: 30