Lat: 58.37838931671423
Lon: 26.725439477841697
Radius: 15