Lat: 58.376083
Lon: 26.710954
Radius: 25