Lat: 58.37947734094728
Lon: 26.71927063002511
Radius: 30