Lat: 58.38112541663602
Lon: 26.714028981345724
Radius: 25